(kicad_pcb (version 20171130) (host pcbnew "(5.1.2)-2")

  (general
    (thickness 1.6)
    (drawings 14)
    (tracks 1)
    (zones 0)
    (modules 17)
    (nets 27)
  )

  (page User 132.004 102.006)
  (title_block
    (title "SIM68ML Based GPS+GNSS Module")
    (date 2019-10-31)
    (rev 1)
    (company www.SirBoard.com)
    (comment 1 SirBoard)
    (comment 2 SirExpand)
    (comment 3 TCA9548)
  )

  (layers
    (0 F.Cu signal)
    (31 B.Cu signal)
    (32 B.Adhes user hide)
    (33 F.Adhes user hide)
    (34 B.Paste user hide)
    (35 F.Paste user hide)
    (36 B.SilkS user)
    (37 F.SilkS user)
    (38 B.Mask user hide)
    (39 F.Mask user hide)
    (40 Dwgs.User user hide)
    (41 Cmts.User user hide)
    (42 Eco1.User user hide)
    (43 Eco2.User user hide)
    (44 Edge.Cuts user)
    (45 Margin user hide)
    (46 B.CrtYd user hide)
    (47 F.CrtYd user hide)
    (48 B.Fab user hide)
    (49 F.Fab user hide)
  )

  (setup
    (last_trace_width 0.3)
    (user_trace_width 0.127)
    (user_trace_width 0.15)
    (user_trace_width 0.2)
    (user_trace_width 0.25)
    (user_trace_width 0.3)
    (user_trace_width 0.4)
    (user_trace_width 0.5)
    (user_trace_width 0.6)
    (user_trace_width 0.7)
    (user_trace_width 0.8)
    (user_trace_width 0.9)
    (user_trace_width 1)
    (trace_clearance 0.127)
    (zone_clearance 0.15)
    (zone_45_only no)
    (trace_min 0.127)
    (via_size 0.6)
    (via_drill 0.3)
    (via_min_size 0.6)
    (via_min_drill 0.3)
    (user_via 0.6 0.3)
    (user_via 0.8 0.4)
    (user_via 1 0.5)
    (user_via 3.5 2.5)
    (uvia_size 0.45)
    (uvia_drill 0.2)
    (uvias_allowed no)
    (uvia_min_size 0.45)
    (uvia_min_drill 0.1)
    (edge_width 0.05)
    (segment_width 0.2)
    (pcb_text_width 0.3)
    (pcb_text_size 1.5 1.5)
    (mod_edge_width 0.12)
    (mod_text_size 1 1)
    (mod_text_width 0.15)
    (pad_size 1.7 1.7)
    (pad_drill 1)
    (pad_to_mask_clearance 0)
    (solder_mask_min_width 0.1)
    (aux_axis_origin 0 0)
    (visible_elements 7FFFFFFF)
    (pcbplotparams
      (layerselection 0x010f0_ffffffff)
      (usegerberextensions false)
      (usegerberattributes false)
      (usegerberadvancedattributes false)
      (creategerberjobfile false)
      (excludeedgelayer true)
      (linewidth 0.100000)
      (plotframeref false)
      (viasonmask false)
      (mode 1)
      (useauxorigin true)
      (hpglpennumber 1)
      (hpglpenspeed 20)
      (hpglpendiameter 15.000000)
      (psnegative false)
      (psa4output false)
      (plotreference true)
      (plotvalue false)
      (plotinvisibletext false)
      (padsonsilk false)
      (subtractmaskfromsilk false)
      (outputformat 1)
      (mirror false)
      (drillshape 0)
      (scaleselection 1)
      (outputdirectory "C:/Users/elisha3/Desktop/GitHub/Gerbers/SirMicro/"))
  )

  (net 0 "")
  (net 1 GND)
  (net 2 "Net-(JP1-Pad1)")
  (net 3 SCL)
  (net 4 SDA)
  (net 5 VCC)
  (net 6 A0)
  (net 7 A1)
  (net 8 A2)
  (net 9 SCL1)
  (net 10 SDA1)
  (net 11 SCL0)
  (net 12 SDA0)
  (net 13 RST)
  (net 14 SDA2)
  (net 15 SCL2)
  (net 16 SDA3)
  (net 17 SCL3)
  (net 18 SDA4)
  (net 19 SCL4)
  (net 20 SDA5)
  (net 21 SCL5)
  (net 22 SDA6)
  (net 23 SCL6)
  (net 24 SDA7)
  (net 25 SCL7)
  (net 26 "Net-(JP2-Pad1)")

  (net_class Default "This is the default net class."
    (clearance 0.127)
    (trace_width 0.127)
    (via_dia 0.6)
    (via_drill 0.3)
    (uvia_dia 0.45)
    (uvia_drill 0.2)
    (add_net A0)
    (add_net A1)
    (add_net A2)
    (add_net GND)
    (add_net "Net-(JP1-Pad1)")
    (add_net "Net-(JP2-Pad1)")
    (add_net RST)
    (add_net SCL)
    (add_net SCL0)
    (add_net SCL1)
    (add_net SCL2)
    (add_net SCL3)
    (add_net SCL4)
    (add_net SCL5)
    (add_net SCL6)
    (add_net SCL7)
    (add_net SDA)
    (add_net SDA0)
    (add_net SDA1)
    (add_net SDA2)
    (add_net SDA3)
    (add_net SDA4)
    (add_net SDA5)
    (add_net SDA6)
    (add_net SDA7)
    (add_net VCC)
  )

  (module Connector_PinHeader_2.54mm:PinHeader_1x12_P2.54mm_Vertical (layer B.Cu) (tedit 5DE427EC) (tstamp 5DE22E72)
    (at 55.88 50.673 270)
    (descr "Through hole straight pin header, 1x12, 2.54mm pitch, single row")
    (tags "Through hole pin header THT 1x12 2.54mm single row")
    (path /5DF69BDD)
    (fp_text reference J1 (at 0 2.33 270) (layer B.SilkS) hide
      (effects (font (size 1 1) (thickness 0.15)) (justify mirror))
    )
    (fp_text value Conn_01x12 (at 0 -30.27 270) (layer B.Fab)
      (effects (font (size 1 1) (thickness 0.15)) (justify mirror))
    )
    (fp_line (start -0.635 1.27) (end 1.27 1.27) (layer B.Fab) (width 0.1))
    (fp_line (start 1.27 1.27) (end 1.27 -29.21) (layer B.Fab) (width 0.1))
    (fp_line (start 1.27 -29.21) (end -1.27 -29.21) (layer B.Fab) (width 0.1))
    (fp_line (start -1.27 -29.21) (end -1.27 0.635) (layer B.Fab) (width 0.1))
    (fp_line (start -1.27 0.635) (end -0.635 1.27) (layer B.Fab) (width 0.1))
    (fp_line (start -1.8 1.8) (end -1.8 -29.75) (layer B.CrtYd) (width 0.05))
    (fp_line (start -1.8 -29.75) (end 1.8 -29.75) (layer B.CrtYd) (width 0.05))
    (fp_line (start 1.8 -29.75) (end 1.8 1.8) (layer B.CrtYd) (width 0.05))
    (fp_line (start 1.8 1.8) (end -1.8 1.8) (layer B.CrtYd) (width 0.05))
    (fp_text user %R (at 0 -13.97 180) (layer B.Fab)
      (effects (font (size 1 1) (thickness 0.15)) (justify mirror))
    )
    (pad 1 thru_hole circle (at 0 0 270) (size 1.7 1.7) (drill 1) (layers *.Cu *.Mask)
      (net 5 VCC))
    (pad 2 thru_hole oval (at 0 -2.54 270) (size 1.7 1.7) (drill 1) (layers *.Cu *.Mask)
      (net 1 GND))
    (pad 3 thru_hole oval (at 0 -5.08 270) (size 1.7 1.7) (drill 1) (layers *.Cu *.Mask)
      (net 3 SCL))
    (pad 4 thru_hole oval (at 0 -7.62 270) (size 1.7 1.7) (drill 1) (layers *.Cu *.Mask)
      (net 4 SDA))
    (pad 5 thru_hole oval (at 0 -10.16 270) (size 1.7 1.7) (drill 1) (layers *.Cu *.Mask)
      (net 13 RST))
    (pad 6 thru_hole oval (at 0 -12.7 270) (size 1.7 1.7) (drill 1) (layers *.Cu *.Mask)
      (net 8 A2))
    (pad 7 thru_hole oval (at 0 -15.24 270) (size 1.7 1.7) (drill 1) (layers *.Cu *.Mask)
      (net 7 A1))
    (pad 8 thru_hole oval (at 0 -17.78 270) (size 1.7 1.7) (drill 1) (layers *.Cu *.Mask)
      (net 6 A0))
    (pad 9 thru_hole oval (at 0 -20.32 270) (size 1.7 1.7) (drill 1) (layers *.Cu *.Mask)
      (net 12 SDA0))
    (pad 10 thru_hole oval (at 0 -22.86 270) (size 1.7 1.7) (drill 1) (layers *.Cu *.Mask)
      (net 11 SCL0))
    (pad 11 thru_hole oval (at 0 -25.4 270) (size 1.7 1.7) (drill 1) (layers *.Cu *.Mask)
      (net 10 SDA1))
    (pad 12 thru_hole oval (at 0 -27.94 270) (size 1.7 1.7) (drill 1) (layers *.Cu *.Mask)
      (net 9 SCL1))
    (model ${KISYS3DMOD}/Connector_PinHeader_2.54mm.3dshapes/PinHeader_1x12_P2.54mm_Vertical.wrl
      (at (xyz 0 0 0))
      (scale (xyz 1 1 1))
      (rotate (xyz 0 0 0))
    )
  )

  (module Connector_PinHeader_2.54mm:PinHeader_1x12_P2.54mm_Vertical (layer B.Cu) (tedit 5DE427D6) (tstamp 5DE22E92)
    (at 55.88 37.973 270)
    (descr "Through hole straight pin header, 1x12, 2.54mm pitch, single row")
    (tags "Through hole pin header THT 1x12 2.54mm single row")
    (path /5DFA8BA6)
    (fp_text reference J2 (at 0 2.33 270) (layer B.SilkS) hide
      (effects (font (size 1 1) (thickness 0.15)) (justify mirror))
    )
    (fp_text value Conn_01x12 (at 0 -30.27 270) (layer B.Fab)
      (effects (font (size 1 1) (thickness 0.15)) (justify mirror))
    )
    (fp_line (start -0.635 1.27) (end 1.27 1.27) (layer B.Fab) (width 0.1))
    (fp_line (start 1.27 1.27) (end 1.27 -29.21) (layer B.Fab) (width 0.1))
    (fp_line (start 1.27 -29.21) (end -1.27 -29.21) (layer B.Fab) (width 0.1))
    (fp_line (start -1.27 -29.21) (end -1.27 0.635) (layer B.Fab) (width 0.1))
    (fp_line (start -1.27 0.635) (end -0.635 1.27) (layer B.Fab) (width 0.1))
    (fp_line (start -1.8 1.8) (end -1.8 -29.75) (layer B.CrtYd) (width 0.05))
    (fp_line (start -1.8 -29.75) (end 1.8 -29.75) (layer B.CrtYd) (width 0.05))
    (fp_line (start 1.8 -29.75) (end 1.8 1.8) (layer B.CrtYd) (width 0.05))
    (fp_line (start 1.8 1.8) (end -1.8 1.8) (layer B.CrtYd) (width 0.05))
    (fp_text user %R (at 0 -13.97 180) (layer B.Fab)
      (effects (font (size 1 1) (thickness 0.15)) (justify mirror))
    )
    (pad 1 thru_hole circle (at 0 0 270) (size 1.7 1.7) (drill 1) (layers *.Cu *.Mask)
      (net 25 SCL7))
    (pad 2 thru_hole oval (at 0 -2.54 270) (size 1.7 1.7) (drill 1) (layers *.Cu *.Mask)
      (net 24 SDA7))
    (pad 3 thru_hole oval (at 0 -5.08 270) (size 1.7 1.7) (drill 1) (layers *.Cu *.Mask)
      (net 23 SCL6))
    (pad 4 thru_hole oval (at 0 -7.62 270) (size 1.7 1.7) (drill 1) (layers *.Cu *.Mask)
      (net 22 SDA6))
    (pad 5 thru_hole oval (at 0 -10.16 270) (size 1.7 1.7) (drill 1) (layers *.Cu *.Mask)
      (net 21 SCL5))
    (pad 6 thru_hole oval (at 0 -12.7 270) (size 1.7 1.7) (drill 1) (layers *.Cu *.Mask)
      (net 20 SDA5))
    (pad 7 thru_hole oval (at 0 -15.24 270) (size 1.7 1.7) (drill 1) (layers *.Cu *.Mask)
      (net 19 SCL4))
    (pad 8 thru_hole oval (at 0 -17.78 270) (size 1.7 1.7) (drill 1) (layers *.Cu *.Mask)
      (net 18 SDA4))
    (pad 9 thru_hole oval (at 0 -20.32 270) (size 1.7 1.7) (drill 1) (layers *.Cu *.Mask)
      (net 17 SCL3))
    (pad 10 thru_hole oval (at 0 -22.86 270) (size 1.7 1.7) (drill 1) (layers *.Cu *.Mask)
      (net 16 SDA3))
    (pad 11 thru_hole oval (at 0 -25.4 270) (size 1.7 1.7) (drill 1) (layers *.Cu *.Mask)
      (net 15 SCL2))
    (pad 12 thru_hole oval (at 0 -27.94 270) (size 1.7 1.7) (drill 1) (layers *.Cu *.Mask)
      (net 14 SDA2))
    (model ${KISYS3DMOD}/Connector_PinHeader_2.54mm.3dshapes/PinHeader_1x12_P2.54mm_Vertical.wrl
      (at (xyz 0 0 0))
      (scale (xyz 1 1 1))
      (rotate (xyz 0 0 0))
    )
  )

  (module SirBoardLibrary:MountingHole_M2.5_SirBoard (layer F.Cu) (tedit 5DE21F6B) (tstamp 5DE2A03E)
    (at 82.55 44.323)
    (descr "Mounting Hole 2.7mm, M2.5, ISO14580")
    (tags "mounting hole 2.7mm m2.5 iso14580")
    (attr virtual)
    (fp_text reference REF** (at 0 -3.25) (layer F.SilkS) hide
      (effects (font (size 1 1) (thickness 0.15)))
    )
    (fp_text value MountingHole_M2.5_SirBoard (at 0 3.25) (layer F.Fab)
      (effects (font (size 1 1) (thickness 0.15)))
    )
    (fp_circle (center 0 0) (end 2.2 0) (layer F.CrtYd) (width 0.05))
    (fp_circle (center 0 0) (end 2.1 0) (layer F.SilkS) (width 0.15))
    (fp_text user %R (at 0.3 0) (layer F.Fab)
      (effects (font (size 1 1) (thickness 0.15)))
    )
    (pad 1 thru_hole circle (at 0 0) (size 3.8 3.8) (drill 2.7) (layers *.Cu *.Mask))
  )

  (module SirBoardLibrary:MountingHole_M2.5_SirBoard (layer F.Cu) (tedit 5DE21F6B) (tstamp 5DE2A03D)
    (at 57.15 44.323)
    (descr "Mounting Hole 2.7mm, M2.5, ISO14580")
    (tags "mounting hole 2.7mm m2.5 iso14580")
    (attr virtual)
    (fp_text reference REF** (at 0 -3.25) (layer F.SilkS) hide
      (effects (font (size 1 1) (thickness 0.15)))
    )
    (fp_text value MountingHole_M2.5_SirBoard (at 0 3.25) (layer F.Fab)
      (effects (font (size 1 1) (thickness 0.15)))
    )
    (fp_text user %R (at 0.3 0) (layer F.Fab)
      (effects (font (size 1 1) (thickness 0.15)))
    )
    (fp_circle (center 0 0) (end 2.1 0) (layer F.SilkS) (width 0.15))
    (fp_circle (center 0 0) (end 2.2 0) (layer F.CrtYd) (width 0.05))
    (pad 1 thru_hole circle (at 0 0) (size 3.8 3.8) (drill 2.7) (layers *.Cu *.Mask))
  )

  (module Package_SO:TSSOP-24_4.4x7.8mm_P0.65mm (layer F.Cu) (tedit 5A02F25C) (tstamp 5DE22F47)
    (at 71.12 44.45 180)
    (descr "TSSOP24: plastic thin shrink small outline package; 24 leads; body width 4.4 mm; (see NXP SSOP-TSSOP-VSO-REFLOW.pdf and sot355-1_po.pdf)")
    (tags "SSOP 0.65")
    (path /5DF1D66F)
    (attr smd)
    (fp_text reference U1 (at 0 0) (layer F.SilkS)
      (effects (font (size 1 1) (thickness 0.15)))
    )
    (fp_text value TCA9548APWR (at 0 4.95) (layer F.Fab)
      (effects (font (size 1 1) (thickness 0.15)))
    )
    (fp_line (start -1.2 -3.9) (end 2.2 -3.9) (layer F.Fab) (width 0.15))
    (fp_line (start 2.2 -3.9) (end 2.2 3.9) (layer F.Fab) (width 0.15))
    (fp_line (start 2.2 3.9) (end -2.2 3.9) (layer F.Fab) (width 0.15))
    (fp_line (start -2.2 3.9) (end -2.2 -2.9) (layer F.Fab) (width 0.15))
    (fp_line (start -2.2 -2.9) (end -1.2 -3.9) (layer F.Fab) (width 0.15))
    (fp_line (start -3.65 -4.2) (end -3.65 4.2) (layer F.CrtYd) (width 0.05))
    (fp_line (start 3.65 -4.2) (end 3.65 4.2) (layer F.CrtYd) (width 0.05))
    (fp_line (start -3.65 -4.2) (end 3.65 -4.2) (layer F.CrtYd) (width 0.05))
    (fp_line (start -3.65 4.2) (end 3.65 4.2) (layer F.CrtYd) (width 0.05))
    (fp_line (start 2.325 -4.025) (end 2.325 -4) (layer F.SilkS) (width 0.15))
    (fp_line (start 2.325 4.025) (end 2.325 4) (layer F.SilkS) (width 0.15))
    (fp_line (start -2.325 4.025) (end -2.325 4) (layer F.SilkS) (width 0.15))
    (fp_line (start -3.4 -4.075) (end 2.325 -4.075) (layer F.SilkS) (width 0.15))
    (fp_line (start -2.325 4.025) (end 2.325 4.025) (layer F.SilkS) (width 0.15))
    (fp_text user %R (at 0 0) (layer F.Fab)
      (effects (font (size 0.8 0.8) (thickness 0.15)))
    )
    (pad 1 smd rect (at -2.85 -3.575 180) (size 1.1 0.4) (layers F.Cu F.Paste F.Mask)
      (net 6 A0))
    (pad 2 smd rect (at -2.85 -2.925 180) (size 1.1 0.4) (layers F.Cu F.Paste F.Mask)
      (net 7 A1))
    (pad 3 smd rect (at -2.85 -2.275 180) (size 1.1 0.4) (layers F.Cu F.Paste F.Mask)
      (net 13 RST))
    (pad 4 smd rect (at -2.85 -1.625 180) (size 1.1 0.4) (layers F.Cu F.Paste F.Mask)
      (net 12 SDA0))
    (pad 5 smd rect (at -2.85 -0.975 180) (size 1.1 0.4) (layers F.Cu F.Paste F.Mask)
      (net 11 SCL0))
    (pad 6 smd rect (at -2.85 -0.325 180) (size 1.1 0.4) (layers F.Cu F.Paste F.Mask)
      (net 10 SDA1))
    (pad 7 smd rect (at -2.85 0.325 180) (size 1.1 0.4) (layers F.Cu F.Paste F.Mask)
      (net 9 SCL1))
    (pad 8 smd rect (at -2.85 0.975 180) (size 1.1 0.4) (layers F.Cu F.Paste F.Mask)
      (net 14 SDA2))
    (pad 9 smd rect (at -2.85 1.625 180) (size 1.1 0.4) (layers F.Cu F.Paste F.Mask)
      (net 15 SCL2))
    (pad 10 smd rect (at -2.85 2.275 180) (size 1.1 0.4) (layers F.Cu F.Paste F.Mask)
      (net 16 SDA3))
    (pad 11 smd rect (at -2.85 2.925 180) (size 1.1 0.4) (layers F.Cu F.Paste F.Mask)
      (net 17 SCL3))
    (pad 12 smd rect (at -2.85 3.575 180) (size 1.1 0.4) (layers F.Cu F.Paste F.Mask)
      (net 1 GND))
    (pad 13 smd rect (at 2.85 3.575 180) (size 1.1 0.4) (layers F.Cu F.Paste F.Mask)
      (net 18 SDA4))
    (pad 14 smd rect (at 2.85 2.925 180) (size 1.1 0.4) (layers F.Cu F.Paste F.Mask)
      (net 19 SCL4))
    (pad 15 smd rect (at 2.85 2.275 180) (size 1.1 0.4) (layers F.Cu F.Paste F.Mask)
      (net 20 SDA5))
    (pad 16 smd rect (at 2.85 1.625 180) (size 1.1 0.4) (layers F.Cu F.Paste F.Mask)
      (net 21 SCL5))
    (pad 17 smd rect (at 2.85 0.975 180) (size 1.1 0.4) (layers F.Cu F.Paste F.Mask)
      (net 22 SDA6))
    (pad 18 smd rect (at 2.85 0.325 180) (size 1.1 0.4) (layers F.Cu F.Paste F.Mask)
      (net 23 SCL6))
    (pad 19 smd rect (at 2.85 -0.325 180) (size 1.1 0.4) (layers F.Cu F.Paste F.Mask)
      (net 24 SDA7))
    (pad 20 smd rect (at 2.85 -0.975 180) (size 1.1 0.4) (layers F.Cu F.Paste F.Mask)
      (net 25 SCL7))
    (pad 21 smd rect (at 2.85 -1.625 180) (size 1.1 0.4) (layers F.Cu F.Paste F.Mask)
      (net 8 A2))
    (pad 22 smd rect (at 2.85 -2.275 180) (size 1.1 0.4) (layers F.Cu F.Paste F.Mask)
      (net 3 SCL))
    (pad 23 smd rect (at 2.85 -2.925 180) (size 1.1 0.4) (layers F.Cu F.Paste F.Mask)
      (net 4 SDA))
    (pad 24 smd rect (at 2.85 -3.575 180) (size 1.1 0.4) (layers F.Cu F.Paste F.Mask)
      (net 5 VCC))
    (model ${KISYS3DMOD}/Package_SO.3dshapes/TSSOP-24_4.4x7.8mm_P0.65mm.wrl
      (at (xyz 0 0 0))
      (scale (xyz 1 1 1))
      (rotate (xyz 0 0 0))
    )
  )

  (module Resistor_SMD:R_0603_1608Metric (layer F.Cu) (tedit 5B301BBD) (tstamp 5DE22F1C)
    (at 64.008 45.847)
    (descr "Resistor SMD 0603 (1608 Metric), square (rectangular) end terminal, IPC_7351 nominal, (Body size source: http://www.tortai-tech.com/upload/download/2011102023233369053.pdf), generated with kicad-footprint-generator")
    (tags resistor)
    (path /5DF42453)
    (attr smd)
    (fp_text reference R6 (at 0 0) (layer F.SilkS) hide
      (effects (font (size 1 1) (thickness 0.15)))
    )
    (fp_text value 10K (at 0 1.43) (layer F.Fab)
      (effects (font (size 1 1) (thickness 0.15)))
    )
    (fp_line (start -0.8 0.4) (end -0.8 -0.4) (layer F.Fab) (width 0.1))
    (fp_line (start -0.8 -0.4) (end 0.8 -0.4) (layer F.Fab) (width 0.1))
    (fp_line (start 0.8 -0.4) (end 0.8 0.4) (layer F.Fab) (width 0.1))
    (fp_line (start 0.8 0.4) (end -0.8 0.4) (layer F.Fab) (width 0.1))
    (fp_line (start -0.162779 -0.51) (end 0.162779 -0.51) (layer F.SilkS) (width 0.12))
    (fp_line (start -0.162779 0.51) (end 0.162779 0.51) (layer F.SilkS) (width 0.12))
    (fp_line (start -1.48 0.73) (end -1.48 -0.73) (layer F.CrtYd) (width 0.05))
    (fp_line (start -1.48 -0.73) (end 1.48 -0.73) (layer F.CrtYd) (width 0.05))
    (fp_line (start 1.48 -0.73) (end 1.48 0.73) (layer F.CrtYd) (width 0.05))
    (fp_line (start 1.48 0.73) (end -1.48 0.73) (layer F.CrtYd) (width 0.05))
    (fp_text user %R (at 0 0) (layer F.Fab)
      (effects (font (size 0.4 0.4) (thickness 0.06)))
    )
    (pad 1 smd roundrect (at -0.7875 0) (size 0.875 0.95) (layers F.Cu F.Paste F.Mask) (roundrect_rratio 0.25)
      (net 5 VCC))
    (pad 2 smd roundrect (at 0.7875 0) (size 0.875 0.95) (layers F.Cu F.Paste F.Mask) (roundrect_rratio 0.25)
      (net 13 RST))
    (model ${KISYS3DMOD}/Resistor_SMD.3dshapes/R_0603_1608Metric.wrl
      (at (xyz 0 0 0))
      (scale (xyz 1 1 1))
      (rotate (xyz 0 0 0))
    )
  )

  (module Resistor_SMD:R_0603_1608Metric (layer F.Cu) (tedit 5B301BBD) (tstamp 5DE22F0B)
    (at 64.008 41.656 180)
    (descr "Resistor SMD 0603 (1608 Metric), square (rectangular) end terminal, IPC_7351 nominal, (Body size source: http://www.tortai-tech.com/upload/download/2011102023233369053.pdf), generated with kicad-footprint-generator")
    (tags resistor)
    (path /5DF278C5)
    (attr smd)
    (fp_text reference R5 (at 0 0.054) (layer F.SilkS) hide
      (effects (font (size 1 1) (thickness 0.15)))
    )
    (fp_text value 10K (at 0 1.43) (layer F.Fab)
      (effects (font (size 1 1) (thickness 0.15)))
    )
    (fp_text user %R (at 0 0) (layer F.Fab)
      (effects (font (size 0.4 0.4) (thickness 0.06)))
    )
    (fp_line (start 1.48 0.73) (end -1.48 0.73) (layer F.CrtYd) (width 0.05))
    (fp_line (start 1.48 -0.73) (end 1.48 0.73) (layer F.CrtYd) (width 0.05))
    (fp_line (start -1.48 -0.73) (end 1.48 -0.73) (layer F.CrtYd) (width 0.05))
    (fp_line (start -1.48 0.73) (end -1.48 -0.73) (layer F.CrtYd) (width 0.05))
    (fp_line (start -0.162779 0.51) (end 0.162779 0.51) (layer F.SilkS) (width 0.12))
    (fp_line (start -0.162779 -0.51) (end 0.162779 -0.51) (layer F.SilkS) (width 0.12))
    (fp_line (start 0.8 0.4) (end -0.8 0.4) (layer F.Fab) (width 0.1))
    (fp_line (start 0.8 -0.4) (end 0.8 0.4) (layer F.Fab) (width 0.1))
    (fp_line (start -0.8 -0.4) (end 0.8 -0.4) (layer F.Fab) (width 0.1))
    (fp_line (start -0.8 0.4) (end -0.8 -0.4) (layer F.Fab) (width 0.1))
    (pad 2 smd roundrect (at 0.7875 0 180) (size 0.875 0.95) (layers F.Cu F.Paste F.Mask) (roundrect_rratio 0.25)
      (net 1 GND))
    (pad 1 smd roundrect (at -0.7875 0 180) (size 0.875 0.95) (layers F.Cu F.Paste F.Mask) (roundrect_rratio 0.25)
      (net 8 A2))
    (model ${KISYS3DMOD}/Resistor_SMD.3dshapes/R_0603_1608Metric.wrl
      (at (xyz 0 0 0))
      (scale (xyz 1 1 1))
      (rotate (xyz 0 0 0))
    )
  )

  (module Resistor_SMD:R_0603_1608Metric (layer F.Cu) (tedit 5B301BBD) (tstamp 5DE22EFA)
    (at 76.3015 44.704)
    (descr "Resistor SMD 0603 (1608 Metric), square (rectangular) end terminal, IPC_7351 nominal, (Body size source: http://www.tortai-tech.com/upload/download/2011102023233369053.pdf), generated with kicad-footprint-generator")
    (tags resistor)
    (path /5DF27641)
    (attr smd)
    (fp_text reference R4 (at 0 0.024) (layer F.SilkS) hide
      (effects (font (size 1 1) (thickness 0.15)))
    )
    (fp_text value 10K (at 0 1.43) (layer F.Fab)
      (effects (font (size 1 1) (thickness 0.15)))
    )
    (fp_line (start -0.8 0.4) (end -0.8 -0.4) (layer F.Fab) (width 0.1))
    (fp_line (start -0.8 -0.4) (end 0.8 -0.4) (layer F.Fab) (width 0.1))
    (fp_line (start 0.8 -0.4) (end 0.8 0.4) (layer F.Fab) (width 0.1))
    (fp_line (start 0.8 0.4) (end -0.8 0.4) (layer F.Fab) (width 0.1))
    (fp_line (start -0.162779 -0.51) (end 0.162779 -0.51) (layer F.SilkS) (width 0.12))
    (fp_line (start -0.162779 0.51) (end 0.162779 0.51) (layer F.SilkS) (width 0.12))
    (fp_line (start -1.48 0.73) (end -1.48 -0.73) (layer F.CrtYd) (width 0.05))
    (fp_line (start -1.48 -0.73) (end 1.48 -0.73) (layer F.CrtYd) (width 0.05))
    (fp_line (start 1.48 -0.73) (end 1.48 0.73) (layer F.CrtYd) (width 0.05))
    (fp_line (start 1.48 0.73) (end -1.48 0.73) (layer F.CrtYd) (width 0.05))
    (fp_text user %R (at 0 0) (layer F.Fab)
      (effects (font (size 0.4 0.4) (thickness 0.06)))
    )
    (pad 1 smd roundrect (at -0.7875 0) (size 0.875 0.95) (layers F.Cu F.Paste F.Mask) (roundrect_rratio 0.25)
      (net 7 A1))
    (pad 2 smd roundrect (at 0.7875 0) (size 0.875 0.95) (layers F.Cu F.Paste F.Mask) (roundrect_rratio 0.25)
      (net 1 GND))
    (model ${KISYS3DMOD}/Resistor_SMD.3dshapes/R_0603_1608Metric.wrl
      (at (xyz 0 0 0))
      (scale (xyz 1 1 1))
      (rotate (xyz 0 0 0))
    )
  )

  (module Resistor_SMD:R_0603_1608Metric (layer F.Cu) (tedit 5B301BBD) (tstamp 5DE22EE9)
    (at 64.008 44.45)
    (descr "Resistor SMD 0603 (1608 Metric), square (rectangular) end terminal, IPC_7351 nominal, (Body size source: http://www.tortai-tech.com/upload/download/2011102023233369053.pdf), generated with kicad-footprint-generator")
    (tags resistor)
    (path /5DF4C667)
    (attr smd)
    (fp_text reference R3 (at 0 0) (layer F.SilkS) hide
      (effects (font (size 1 1) (thickness 0.15)))
    )
    (fp_text value 10K (at 0 1.43) (layer F.Fab)
      (effects (font (size 1 1) (thickness 0.15)))
    )
    (fp_line (start -0.8 0.4) (end -0.8 -0.4) (layer F.Fab) (width 0.1))
    (fp_line (start -0.8 -0.4) (end 0.8 -0.4) (layer F.Fab) (width 0.1))
    (fp_line (start 0.8 -0.4) (end 0.8 0.4) (layer F.Fab) (width 0.1))
    (fp_line (start 0.8 0.4) (end -0.8 0.4) (layer F.Fab) (width 0.1))
    (fp_line (start -0.162779 -0.51) (end 0.162779 -0.51) (layer F.SilkS) (width 0.12))
    (fp_line (start -0.162779 0.51) (end 0.162779 0.51) (layer F.SilkS) (width 0.12))
    (fp_line (start -1.48 0.73) (end -1.48 -0.73) (layer F.CrtYd) (width 0.05))
    (fp_line (start -1.48 -0.73) (end 1.48 -0.73) (layer F.CrtYd) (width 0.05))
    (fp_line (start 1.48 -0.73) (end 1.48 0.73) (layer F.CrtYd) (width 0.05))
    (fp_line (start 1.48 0.73) (end -1.48 0.73) (layer F.CrtYd) (width 0.05))
    (fp_text user %R (at 0 0) (layer F.Fab)
      (effects (font (size 0.4 0.4) (thickness 0.06)))
    )
    (pad 1 smd roundrect (at -0.7875 0) (size 0.875 0.95) (layers F.Cu F.Paste F.Mask) (roundrect_rratio 0.25)
      (net 5 VCC))
    (pad 2 smd roundrect (at 0.7875 0) (size 0.875 0.95) (layers F.Cu F.Paste F.Mask) (roundrect_rratio 0.25)
      (net 26 "Net-(JP2-Pad1)"))
    (model ${KISYS3DMOD}/Resistor_SMD.3dshapes/R_0603_1608Metric.wrl
      (at (xyz 0 0 0))
      (scale (xyz 1 1 1))
      (rotate (xyz 0 0 0))
    )
  )

  (module Resistor_SMD:R_0603_1608Metric (layer F.Cu) (tedit 5B301BBD) (tstamp 5DE22ED8)
    (at 64.008 43.053)
    (descr "Resistor SMD 0603 (1608 Metric), square (rectangular) end terminal, IPC_7351 nominal, (Body size source: http://www.tortai-tech.com/upload/download/2011102023233369053.pdf), generated with kicad-footprint-generator")
    (tags resistor)
    (path /5DF4C1AF)
    (attr smd)
    (fp_text reference R2 (at 0 0.048) (layer F.SilkS) hide
      (effects (font (size 1 1) (thickness 0.15)))
    )
    (fp_text value 10K (at 0 1.43) (layer F.Fab)
      (effects (font (size 1 1) (thickness 0.15)))
    )
    (fp_line (start -0.8 0.4) (end -0.8 -0.4) (layer F.Fab) (width 0.1))
    (fp_line (start -0.8 -0.4) (end 0.8 -0.4) (layer F.Fab) (width 0.1))
    (fp_line (start 0.8 -0.4) (end 0.8 0.4) (layer F.Fab) (width 0.1))
    (fp_line (start 0.8 0.4) (end -0.8 0.4) (layer F.Fab) (width 0.1))
    (fp_line (start -0.162779 -0.51) (end 0.162779 -0.51) (layer F.SilkS) (width 0.12))
    (fp_line (start -0.162779 0.51) (end 0.162779 0.51) (layer F.SilkS) (width 0.12))
    (fp_line (start -1.48 0.73) (end -1.48 -0.73) (layer F.CrtYd) (width 0.05))
    (fp_line (start -1.48 -0.73) (end 1.48 -0.73) (layer F.CrtYd) (width 0.05))
    (fp_line (start 1.48 -0.73) (end 1.48 0.73) (layer F.CrtYd) (width 0.05))
    (fp_line (start 1.48 0.73) (end -1.48 0.73) (layer F.CrtYd) (width 0.05))
    (fp_text user %R (at 0 0) (layer F.Fab)
      (effects (font (size 0.4 0.4) (thickness 0.06)))
    )
    (pad 1 smd roundrect (at -0.7875 0) (size 0.875 0.95) (layers F.Cu F.Paste F.Mask) (roundrect_rratio 0.25)
      (net 5 VCC))
    (pad 2 smd roundrect (at 0.7875 0) (size 0.875 0.95) (layers F.Cu F.Paste F.Mask) (roundrect_rratio 0.25)
      (net 2 "Net-(JP1-Pad1)"))
    (model ${KISYS3DMOD}/Resistor_SMD.3dshapes/R_0603_1608Metric.wrl
      (at (xyz 0 0 0))
      (scale (xyz 1 1 1))
      (rotate (xyz 0 0 0))
    )
  )

  (module Resistor_SMD:R_0603_1608Metric (layer F.Cu) (tedit 5B301BBD) (tstamp 5DE22EC7)
    (at 76.327 43.307)
    (descr "Resistor SMD 0603 (1608 Metric), square (rectangular) end terminal, IPC_7351 nominal, (Body size source: http://www.tortai-tech.com/upload/download/2011102023233369053.pdf), generated with kicad-footprint-generator")
    (tags resistor)
    (path /5DFA0D45)
    (attr smd)
    (fp_text reference R1 (at 0 0.018) (layer F.SilkS) hide
      (effects (font (size 1 1) (thickness 0.15)))
    )
    (fp_text value 10K (at 0 1.43) (layer F.Fab)
      (effects (font (size 1 1) (thickness 0.15)))
    )
    (fp_line (start -0.8 0.4) (end -0.8 -0.4) (layer F.Fab) (width 0.1))
    (fp_line (start -0.8 -0.4) (end 0.8 -0.4) (layer F.Fab) (width 0.1))
    (fp_line (start 0.8 -0.4) (end 0.8 0.4) (layer F.Fab) (width 0.1))
    (fp_line (start 0.8 0.4) (end -0.8 0.4) (layer F.Fab) (width 0.1))
    (fp_line (start -0.162779 -0.51) (end 0.162779 -0.51) (layer F.SilkS) (width 0.12))
    (fp_line (start -0.162779 0.51) (end 0.162779 0.51) (layer F.SilkS) (width 0.12))
    (fp_line (start -1.48 0.73) (end -1.48 -0.73) (layer F.CrtYd) (width 0.05))
    (fp_line (start -1.48 -0.73) (end 1.48 -0.73) (layer F.CrtYd) (width 0.05))
    (fp_line (start 1.48 -0.73) (end 1.48 0.73) (layer F.CrtYd) (width 0.05))
    (fp_line (start 1.48 0.73) (end -1.48 0.73) (layer F.CrtYd) (width 0.05))
    (fp_text user %R (at 0 0) (layer F.Fab)
      (effects (font (size 0.4 0.4) (thickness 0.06)))
    )
    (pad 1 smd roundrect (at -0.7875 0) (size 0.875 0.95) (layers F.Cu F.Paste F.Mask) (roundrect_rratio 0.25)
      (net 6 A0))
    (pad 2 smd roundrect (at 0.7875 0) (size 0.875 0.95) (layers F.Cu F.Paste F.Mask) (roundrect_rratio 0.25)
      (net 1 GND))
    (model ${KISYS3DMOD}/Resistor_SMD.3dshapes/R_0603_1608Metric.wrl
      (at (xyz 0 0 0))
      (scale (xyz 1 1 1))
      (rotate (xyz 0 0 0))
    )
  )

  (module Jumper:SolderJumper-2_P1.3mm_Open_RoundedPad1.0x1.5mm (layer B.Cu) (tedit 5B391E66) (tstamp 5DE22EB6)
    (at 61.214 44.958 270)
    (descr "SMD Solder Jumper, 1x1.5mm, rounded Pads, 0.3mm gap, open")
    (tags "solder jumper open")
    (path /5DF20B22)
    (attr virtual)
    (fp_text reference JP2 (at 0 1.8 270) (layer B.SilkS)
      (effects (font (size 1 1) (thickness 0.15)) (justify mirror))
    )
    (fp_text value SolderJumper_2_Open (at 0 -1.9 270) (layer B.Fab)
      (effects (font (size 1 1) (thickness 0.15)) (justify mirror))
    )
    (fp_arc (start 0.7 0.3) (end 1.4 0.3) (angle 90) (layer B.SilkS) (width 0.12))
    (fp_arc (start 0.7 -0.3) (end 0.7 -1) (angle 90) (layer B.SilkS) (width 0.12))
    (fp_arc (start -0.7 -0.3) (end -1.4 -0.3) (angle 90) (layer B.SilkS) (width 0.12))
    (fp_arc (start -0.7 0.3) (end -0.7 1) (angle 90) (layer B.SilkS) (width 0.12))
    (fp_line (start -1.4 -0.3) (end -1.4 0.3) (layer B.SilkS) (width 0.12))
    (fp_line (start 0.7 -1) (end -0.7 -1) (layer B.SilkS) (width 0.12))
    (fp_line (start 1.4 0.3) (end 1.4 -0.3) (layer B.SilkS) (width 0.12))
    (fp_line (start -0.7 1) (end 0.7 1) (layer B.SilkS) (width 0.12))
    (fp_line (start -1.65 1.25) (end 1.65 1.25) (layer B.CrtYd) (width 0.05))
    (fp_line (start -1.65 1.25) (end -1.65 -1.25) (layer B.CrtYd) (width 0.05))
    (fp_line (start 1.65 -1.25) (end 1.65 1.25) (layer B.CrtYd) (width 0.05))
    (fp_line (start 1.65 -1.25) (end -1.65 -1.25) (layer B.CrtYd) (width 0.05))
    (pad 1 smd custom (at -0.65 0 270) (size 1 0.5) (layers B.Cu B.Mask)
      (net 26 "Net-(JP2-Pad1)") (zone_connect 2)
      (options (clearance outline) (anchor rect))
      (primitives
        (gr_circle (center 0 -0.25) (end 0.5 -0.25) (width 0))
        (gr_circle (center 0 0.25) (end 0.5 0.25) (width 0))
        (gr_poly (pts
           (xy 0 0.75) (xy 0.5 0.75) (xy 0.5 -0.75) (xy 0 -0.75)) (width 0))
      ))
    (pad 2 smd custom (at 0.65 0 270) (size 1 0.5) (layers B.Cu B.Mask)
      (net 4 SDA) (zone_connect 2)
      (options (clearance outline) (anchor rect))
      (primitives
        (gr_circle (center 0 -0.25) (end 0.5 -0.25) (width 0))
        (gr_circle (center 0 0.25) (end 0.5 0.25) (width 0))
        (gr_poly (pts
           (xy 0 0.75) (xy -0.5 0.75) (xy -0.5 -0.75) (xy 0 -0.75)) (width 0))
      ))
  )

  (module Jumper:SolderJumper-2_P1.3mm_Open_RoundedPad1.0x1.5mm (layer B.Cu) (tedit 5B391E66) (tstamp 5DE22EA4)
    (at 61.087 41.783 270)
    (descr "SMD Solder Jumper, 1x1.5mm, rounded Pads, 0.3mm gap, open")
    (tags "solder jumper open")
    (path /5DF20D05)
    (attr virtual)
    (fp_text reference JP1 (at 0 1.8 270) (layer B.SilkS)
      (effects (font (size 1 1) (thickness 0.15)) (justify mirror))
    )
    (fp_text value SolderJumper_2_Open (at 0 -1.9 270) (layer B.Fab)
      (effects (font (size 1 1) (thickness 0.15)) (justify mirror))
    )
    (fp_arc (start 0.7 0.3) (end 1.4 0.3) (angle 90) (layer B.SilkS) (width 0.12))
    (fp_arc (start 0.7 -0.3) (end 0.7 -1) (angle 90) (layer B.SilkS) (width 0.12))
    (fp_arc (start -0.7 -0.3) (end -1.4 -0.3) (angle 90) (layer B.SilkS) (width 0.12))
    (fp_arc (start -0.7 0.3) (end -0.7 1) (angle 90) (layer B.SilkS) (width 0.12))
    (fp_line (start -1.4 -0.3) (end -1.4 0.3) (layer B.SilkS) (width 0.12))
    (fp_line (start 0.7 -1) (end -0.7 -1) (layer B.SilkS) (width 0.12))
    (fp_line (start 1.4 0.3) (end 1.4 -0.3) (layer B.SilkS) (width 0.12))
    (fp_line (start -0.7 1) (end 0.7 1) (layer B.SilkS) (width 0.12))
    (fp_line (start -1.65 1.25) (end 1.65 1.25) (layer B.CrtYd) (width 0.05))
    (fp_line (start -1.65 1.25) (end -1.65 -1.25) (layer B.CrtYd) (width 0.05))
    (fp_line (start 1.65 -1.25) (end 1.65 1.25) (layer B.CrtYd) (width 0.05))
    (fp_line (start 1.65 -1.25) (end -1.65 -1.25) (layer B.CrtYd) (width 0.05))
    (pad 1 smd custom (at -0.65 0 270) (size 1 0.5) (layers B.Cu B.Mask)
      (net 2 "Net-(JP1-Pad1)") (zone_connect 2)
      (options (clearance outline) (anchor rect))
      (primitives
        (gr_circle (center 0 -0.25) (end 0.5 -0.25) (width 0))
        (gr_circle (center 0 0.25) (end 0.5 0.25) (width 0))
        (gr_poly (pts
           (xy 0 0.75) (xy 0.5 0.75) (xy 0.5 -0.75) (xy 0 -0.75)) (width 0))
      ))
    (pad 2 smd custom (at 0.65 0 270) (size 1 0.5) (layers B.Cu B.Mask)
      (net 3 SCL) (zone_connect 2)
      (options (clearance outline) (anchor rect))
      (primitives
        (gr_circle (center 0 -0.25) (end 0.5 -0.25) (width 0))
        (gr_circle (center 0 0.25) (end 0.5 0.25) (width 0))
        (gr_poly (pts
           (xy 0 0.75) (xy -0.5 0.75) (xy -0.5 -0.75) (xy 0 -0.75)) (width 0))
      ))
  )

  (module Capacitor_SMD:C_0805_2012Metric (layer F.Cu) (tedit 5B36C52B) (tstamp 5DE22E52)
    (at 57.15 48.514)
    (descr "Capacitor SMD 0805 (2012 Metric), square (rectangular) end terminal, IPC_7351 nominal, (Body size source: https://docs.google.com/spreadsheets/d/1BsfQQcO9C6DZCsRaXUlFlo91Tg2WpOkGARC1WS5S8t0/edit?usp=sharing), generated with kicad-footprint-generator")
    (tags capacitor)
    (path /5DDCFFA4)
    (attr smd)
    (fp_text reference C1 (at 0 0) (layer F.SilkS) hide
      (effects (font (size 1 1) (thickness 0.15)))
    )
    (fp_text value 10uF (at 0 1.65) (layer F.Fab)
      (effects (font (size 1 1) (thickness 0.15)))
    )
    (fp_line (start -1 0.6) (end -1 -0.6) (layer F.Fab) (width 0.1))
    (fp_line (start -1 -0.6) (end 1 -0.6) (layer F.Fab) (width 0.1))
    (fp_line (start 1 -0.6) (end 1 0.6) (layer F.Fab) (width 0.1))
    (fp_line (start 1 0.6) (end -1 0.6) (layer F.Fab) (width 0.1))
    (fp_line (start -0.258578 -0.71) (end 0.258578 -0.71) (layer F.SilkS) (width 0.12))
    (fp_line (start -0.258578 0.71) (end 0.258578 0.71) (layer F.SilkS) (width 0.12))
    (fp_line (start -1.68 0.95) (end -1.68 -0.95) (layer F.CrtYd) (width 0.05))
    (fp_line (start -1.68 -0.95) (end 1.68 -0.95) (layer F.CrtYd) (width 0.05))
    (fp_line (start 1.68 -0.95) (end 1.68 0.95) (layer F.CrtYd) (width 0.05))
    (fp_line (start 1.68 0.95) (end -1.68 0.95) (layer F.CrtYd) (width 0.05))
    (fp_text user %R (at 0 0) (layer F.Fab)
      (effects (font (size 0.5 0.5) (thickness 0.08)))
    )
    (pad 1 smd roundrect (at -0.9375 0) (size 0.975 1.4) (layers F.Cu F.Paste F.Mask) (roundrect_rratio 0.25)
      (net 5 VCC))
    (pad 2 smd roundrect (at 0.9375 0) (size 0.975 1.4) (layers F.Cu F.Paste F.Mask) (roundrect_rratio 0.25)
      (net 1 GND))
    (model ${KISYS3DMOD}/Capacitor_SMD.3dshapes/C_0805_2012Metric.wrl
      (at (xyz 0 0 0))
      (scale (xyz 1 1 1))
      (rotate (xyz 0 0 0))
    )
  )

  (module Jumper:SolderJumper-2_P1.3mm_Open_RoundedPad1.0x1.5mm (layer B.Cu) (tedit 5B391E66) (tstamp 5DE22E41)
    (at 79.009 39.878)
    (descr "SMD Solder Jumper, 1x1.5mm, rounded Pads, 0.3mm gap, open")
    (tags "solder jumper open")
    (path /5DF20759)
    (attr virtual)
    (fp_text reference A2 (at 0 1.8 180) (layer B.SilkS)
      (effects (font (size 1 1) (thickness 0.15)) (justify mirror))
    )
    (fp_text value SolderJumper_2_Open (at 0 -1.9 180) (layer B.Fab)
      (effects (font (size 1 1) (thickness 0.15)) (justify mirror))
    )
    (fp_line (start 1.65 -1.25) (end -1.65 -1.25) (layer B.CrtYd) (width 0.05))
    (fp_line (start 1.65 -1.25) (end 1.65 1.25) (layer B.CrtYd) (width 0.05))
    (fp_line (start -1.65 1.25) (end -1.65 -1.25) (layer B.CrtYd) (width 0.05))
    (fp_line (start -1.65 1.25) (end 1.65 1.25) (layer B.CrtYd) (width 0.05))
    (fp_line (start -0.7 1) (end 0.7 1) (layer B.SilkS) (width 0.12))
    (fp_line (start 1.4 0.3) (end 1.4 -0.3) (layer B.SilkS) (width 0.12))
    (fp_line (start 0.7 -1) (end -0.7 -1) (layer B.SilkS) (width 0.12))
    (fp_line (start -1.4 -0.3) (end -1.4 0.3) (layer B.SilkS) (width 0.12))
    (fp_arc (start -0.7 0.3) (end -0.7 1) (angle 90) (layer B.SilkS) (width 0.12))
    (fp_arc (start -0.7 -0.3) (end -1.4 -0.3) (angle 90) (layer B.SilkS) (width 0.12))
    (fp_arc (start 0.7 -0.3) (end 0.7 -1) (angle 90) (layer B.SilkS) (width 0.12))
    (fp_arc (start 0.7 0.3) (end 1.4 0.3) (angle 90) (layer B.SilkS) (width 0.12))
    (pad 2 smd custom (at 0.65 0) (size 1 0.5) (layers B.Cu B.Mask)
      (net 5 VCC) (zone_connect 2)
      (options (clearance outline) (anchor rect))
      (primitives
        (gr_circle (center 0 -0.25) (end 0.5 -0.25) (width 0))
        (gr_circle (center 0 0.25) (end 0.5 0.25) (width 0))
        (gr_poly (pts
           (xy 0 0.75) (xy -0.5 0.75) (xy -0.5 -0.75) (xy 0 -0.75)) (width 0))
      ))
    (pad 1 smd custom (at -0.65 0) (size 1 0.5) (layers B.Cu B.Mask)
      (net 8 A2) (zone_connect 2)
      (options (clearance outline) (anchor rect))
      (primitives
        (gr_circle (center 0 -0.25) (end 0.5 -0.25) (width 0))
        (gr_circle (center 0 0.25) (end 0.5 0.25) (width 0))
        (gr_poly (pts
           (xy 0 0.75) (xy 0.5 0.75) (xy 0.5 -0.75) (xy 0 -0.75)) (width 0))
      ))
  )

  (module Jumper:SolderJumper-2_P1.3mm_Open_RoundedPad1.0x1.5mm (layer B.Cu) (tedit 5B391E66) (tstamp 5DE22E2F)
    (at 79.026 43.18)
    (descr "SMD Solder Jumper, 1x1.5mm, rounded Pads, 0.3mm gap, open")
    (tags "solder jumper open")
    (path /5DF204DA)
    (attr virtual)
    (fp_text reference A1 (at 0 1.8 180) (layer B.SilkS)
      (effects (font (size 1 1) (thickness 0.15)) (justify mirror))
    )
    (fp_text value SolderJumper_2_Open (at 0 -1.9 180) (layer B.Fab)
      (effects (font (size 1 1) (thickness 0.15)) (justify mirror))
    )
    (fp_line (start 1.65 -1.25) (end -1.65 -1.25) (layer B.CrtYd) (width 0.05))
    (fp_line (start 1.65 -1.25) (end 1.65 1.25) (layer B.CrtYd) (width 0.05))
    (fp_line (start -1.65 1.25) (end -1.65 -1.25) (layer B.CrtYd) (width 0.05))
    (fp_line (start -1.65 1.25) (end 1.65 1.25) (layer B.CrtYd) (width 0.05))
    (fp_line (start -0.7 1) (end 0.7 1) (layer B.SilkS) (width 0.12))
    (fp_line (start 1.4 0.3) (end 1.4 -0.3) (layer B.SilkS) (width 0.12))
    (fp_line (start 0.7 -1) (end -0.7 -1) (layer B.SilkS) (width 0.12))
    (fp_line (start -1.4 -0.3) (end -1.4 0.3) (layer B.SilkS) (width 0.12))
    (fp_arc (start -0.7 0.3) (end -0.7 1) (angle 90) (layer B.SilkS) (width 0.12))
    (fp_arc (start -0.7 -0.3) (end -1.4 -0.3) (angle 90) (layer B.SilkS) (width 0.12))
    (fp_arc (start 0.7 -0.3) (end 0.7 -1) (angle 90) (layer B.SilkS) (width 0.12))
    (fp_arc (start 0.7 0.3) (end 1.4 0.3) (angle 90) (layer B.SilkS) (width 0.12))
    (pad 2 smd custom (at 0.65 0) (size 1 0.5) (layers B.Cu B.Mask)
      (net 5 VCC) (zone_connect 2)
      (options (clearance outline) (anchor rect))
      (primitives
        (gr_circle (center 0 -0.25) (end 0.5 -0.25) (width 0))
        (gr_circle (center 0 0.25) (end 0.5 0.25) (width 0))
        (gr_poly (pts
           (xy 0 0.75) (xy -0.5 0.75) (xy -0.5 -0.75) (xy 0 -0.75)) (width 0))
      ))
    (pad 1 smd custom (at -0.65 0) (size 1 0.5) (layers B.Cu B.Mask)
      (net 7 A1) (zone_connect 2)
      (options (clearance outline) (anchor rect))
      (primitives
        (gr_circle (center 0 -0.25) (end 0.5 -0.25) (width 0))
        (gr_circle (center 0 0.25) (end 0.5 0.25) (width 0))
        (gr_poly (pts
           (xy 0 0.75) (xy 0.5 0.75) (xy 0.5 -0.75) (xy 0 -0.75)) (width 0))
      ))
  )

  (module Jumper:SolderJumper-2_P1.3mm_Open_RoundedPad1.0x1.5mm (layer B.Cu) (tedit 5B391E66) (tstamp 5DE22E1D)
    (at 78.994 46.863)
    (descr "SMD Solder Jumper, 1x1.5mm, rounded Pads, 0.3mm gap, open")
    (tags "solder jumper open")
    (path /5DF1E806)
    (attr virtual)
    (fp_text reference A0 (at 0 1.8 180) (layer B.SilkS)
      (effects (font (size 1 1) (thickness 0.15)) (justify mirror))
    )
    (fp_text value SolderJumper_2_Open (at 0 -1.9 180) (layer B.Fab)
      (effects (font (size 1 1) (thickness 0.15)) (justify mirror))
